203.377306
603.856256
44.044579
13.29317899999998
46.00979099999995
6.368854000000056
36.750586
10.783730000000048
9.443016999999998
1.3093400000000202
45.64901699999996
13.054853999999978
35.946236
157.17221799999993
1.19027200000005
900.8331370000001
308.5388220000001
66.93282799999997
78.48897399999987
435.06635300000016
78.59452299999998
13.586922999999842
32.75782000000004
43.15274199999999
36.70122800000013
1.6689860000001318
1.5873960000001262
2.4654689999999846
2.554136999999855
4.172984000000042
12.831381999999849
310.42665799999986
1.5384890000000269
2.8225729999999203
5.039459999999963
608.6369449999997
14.873978999999963
301.08611999999994
0.8170360000003711
64.92838900000015
3.281300999999985
3.198414999999841
28.97615999999971
14.472817000000305
604.6192820000001
13.189543999999842
15.278761000000031
11.641099999999824
391.1846479999999
11.676676000000043
22.481464999999844
17.42528399999992
17.164030999999795
13.002719999999954
16.883402999999817
20.102284999999938
17.115518000000066
216.93007500000022
15.797463999999763
303.81333799999993
12.519933999999921
86.42918700000018
65.1689809999998
183.51005900000018
6.399156999999832
6.492092999999841
28.0874060000001
7.274406999999883
76.47008199999982
5.128712000000178
54.89641299999994
12.89665100000002
14.372260000000097
0.7927270000000135
3.6832289999997556
0.45872000000008484
12.943838000000142
45.23952999999983
60.71264599999995
333.1239819999996
604.6114559999996
13.58786500000042
13.233986000000186
65.8841940000002
179.72920499999964
602.9308580000006
51.90359200000057
1202.6003030000002
608.9421320000001
46.4502709999997
31.177878999999848
13.822422000000188
65.18989199999942
51.50610599999982
46.67635999999948
58.00169800000003
47.31866500000069
10.205923999999868
47.1680609999994
57.90503699999954
28.222365999999965
61.29490900000019
13.19571999999971
48.647155000000566
44.69085300000006
105.72010099999989
51.05371500000001
44.756554999999935
34.63083700000061
47.70007799999985
45.09645100000034
5.856477999999697
2.781975999999304
13.693978999999672
2.385317999999643
49.292537000000266
12.839552000000367
2.6431379999994533
610.0563689999999
3.7229209999995874
150.73136000000068
3.2329130000007353
10.03271500000028
13.47782400000051
6.098213000000214
472.46399399999973
2.3920060000000376
2.5775620000003983
66.82656399999996
12.96774699999969
12.556228000000374
1.144680000000335
52.63709199999994
69.85020500000064
13.69460699999945
13.392092999999477
60.57779600000049
1204.3102079999999
80.03343599999971
50.932906
62.29497199999969
50.10974300000089
76.37895899999967
13.336811999999554
12.729973999999856
54.28268299999945
51.08112799999981
48.51889500000016
49.23665299999993
152.91575900000043
48.68389500000012
49.932646000000204
54.62106500000027
54.31213799999932
34.68081699999948
14.074224999999387
13.917975000000297
12.949913000000379
60.25795600000038
14.826657999999952
55.00616900000023
59.07088400000066
49.33802000000014
53.0446750000001
118.9282489999996
55.33301300000039
54.395776999999725
13.023760000000038
30.61716400000023
161.715647
75.51058499999999
604.4910760000002
52.079092999999375
3.205033000000185
3.149177999999665
23.760591999999633
48.51111199999923
46.2469259999998
963.1184880000001
820.1976779999995
83.00877000000037
8.650885000000017
50.67239900000004
47.55097300000034
49.19190999999955
16.415257999999994
12.867486000000099
50.850564000000304
53.34299800000008
49.019156000000294
454.67225999999937
94.93992499999968
22.677786999999626
306.5964730000005
1904.307619000001
62.46850499999982
11.494087000000036
15.290670000000318
13.14227800000026
51.06674900000053
82.43538100000023
59.81310500000018
301.437863000001
51.472859999999855
13.522269000000051
48.94634700000006
49.060380999999325
606.320063000001
43.91190800000004
1540.8436020000008
14.865254000000277
47.39863400000104
51.72265499999958
3.69379299999855
5.15950200000043
99.43767999999909
1485.5987879999993
2.8403419999995094
1475.1438899999994
0.31759299999976065
49.88417599999957
13.372271000000183
49.725822999998854
14.249797000000399
6.7281069999989995
132.00600599999962
48.71742300000005
95.33930800000053
50.680883000000904
49.04029799999989
70.31169899999986
605.343522000001
46.801313000001755
49.635395000001154
47.110656999999264
47.63407199999892
10.362875000000713
0.3829729999997653
0.5626999999985856
1.9239010000001144
51.370372999999745
2.7672770000008313
3.1148429999993823
153.4951630000014
121.79935299999852
16.43456999999944
2.3494040000005043
13.595373000000109
13.80090999999993
603.9049159999995
58.588464000000386
2.809698999999455
16.1268659999987
13.283613000001424
31.256784000001062
173.84339100000034
2.5298390000007203
16.000310999999783
603.1473579999983
5.854119999999966
13.318663000000015
326.63252999999895
29.121813000001566
570.0687440000002
317.2291719999994
602.6585429999996
81.97451999999976
13.118850000000748
304.2858819999983
13.180044999999154
312.46675099999993
355.95876399999906
22.3801399999993
154.3049119999996
72.91381900000124
315.07612700000027
100.38396100000136
302.6569049999998
13.579399000000194
12.780095000000074
2.8488950000009936
28.12455399999999
23.8114029999997
13.561176999999589
63.9852350000001
89.99478799999997
65.4269349999995
603.1863150000008
22.346274000001358
300.1922089999989
47.98457700000108
43.50117499999942
107.94030799999928
498.1570780000002
13.623595999999452
12.661009999999806
350.55787600000076
17.915853000000425
3.197586999998748
20.042210999999952
35.28769800000009
602.2756980000013
12.781629000000976
62.56428699999924
1066.964066999999
13.692988999999216
3.225734999999986
606.2665799999995
1.8959719999984372
603.9419099999996
12.975207999999839
79.67849500000011
12.556526000000304
544.8084890000009
104.64872300000025
47.55564599999889
8118.769575
13.322292000000743
3.988870000001043
12.89857800000027
4.780905999999959
133.97333099999923
2.8656129999999393
307.24831900000027
13.077896000000692
12.901139999999941
474.54325699999936
511.19152099999883
602.8824539999987
97.29528899999968
13.271792999999889
310.8656659999997
12.591387999998915
3.52722200000062
41.87817899999936
73.23932400000012
2.126339000000371
603.1118580000002
47.3931939999984
15.41106899999977
12.899733999998716
1.2466870000007475
230.61401000000114
83.99947400000019
306.9741759999997
8.296222999999372
4.946099000000686
5.082183999998961
1.008997000000818
491.3589300000003
611.1010290000013
15.236343000000488
290.1330509999989
2.280337000000145
537.4351279999992
255.4437999999991
191.4602329999998
28.409440999999788
9.645305000000008
63.53989299999921
12.378450999998677
6.688898999998855
6.129984999999579
2.6732840000004217
5.208881000000474
29.891923000001043
43.262354000000414
2.38599400000021
7.2835310000009486
450.06686999999874
4.20762300000024
474.3710520000004
603.0619459999998
175.25760900000023
294.43140700000004
10.43065100000058
18.578682999999728
602.3810319999993
45.82331900000281
2.636797999999544
606.4324149999993
16.84788099999787
1.8096460000015213
10.030345000002853
7.2007920000032755
2.961181000002398
3.2825249999987136
35.5572669999965
21.02512000000206
8.410120000000461
72.95050700000138
641.693045
3.7435239999977057
3.7439050000029965
637.0473360000033
636.8922930000008
3.0765409999985422
635.3746170000013
3.2767430000021704
4.6345280000023195
3.3144350000002305
9.54920200000197
62.05201599999782
3.358178999998927
3.357614000000467
3.357700999997178
3.24178799999936
12.937856000000465
12.933841999998549
12.930947000000742
12.721919999999955
16.02624999999898
300.2293860000027
65.09195199999886
304.6453079999992
1683.0197100000005
186.04406499999823
37.2521450000022
642.0759959999996
3.2062929999992775
606.4003260000027
602.9607120000001
188.36853299999711
65.04740200000015
604.444653999999
44.706842999999935
604.5408559999996
14.423560000002908
281.4749579999989
905.6549649999979
603.3721310000001
4.963047000001097
604.1506450000015
37.442353999998886
604.5584400000007
5.373390999997355
102.75325100000191
64.04636100000062
603.7914760000021
9.425897999997687
8.446498000001156
665.2624880000003
660.5263569999988
604.9005930000021
8.710057000000234
65.88619599999947
2.6083610000023327
2.604588000001968
3156.6805460000032
604.5215000000026
93.19862400000056
2.1729809999997087
2.4377559999993537
4.1864659999992
53.548187000000325
3.4555829999990237
64.06017700000302
603.4339040000013
4.661280999996961
17.281373999998323
3.594979000001331
4.890068999997311
64.68568199999936
152.61912499999744
2.074051999999938
603.3073660000009
57.962634999999864
147.40794800000003
27.54354400000011
77.82748800000263
62.30597099999795
46.05465399999957
51.61999399999695
58.36718599999949
402.57533200000034
65.53447400000005
184.99362100000144
34.236259000001155
2.3929019999995944
8.937221000000136
1.8846989999983634
2.4246380000004137
4.133469000000332
29.232285000001866
61.03997200000231
64.3409410000022
10.30842400000256
2.017515999999887
299.83527499999764
2.011772000001656
299.83623100000113
606.3178559999978
608.2606699999997
604.7845390000002
7.649063000000751
4.192510999997467
4.202851000001829
603.3550570000007
300.36456199999884
602.6872980000007
3.2318860000013956
14.816187000000355
58.18262799999866
6.786079000001337
70.40549299999839
63.80660200000057
10.380440999997518
907.0507230000003
22.867201999997633
63.41548200000034
818.3891100000001
1861.3518049999984
247.07993100000022
601.6415029999989
7.54008000000249
4.0198509999972885
610.9260259999974
2.88652600000205
3.2580009999983304
7636.684127999997
25.45598400000017
1.7991149999979825
1.8851460000005318
3.3159770000020217
17.17486800000188
4.210040000001754
8.350924000002124
2.458133000000089
2.0138409999999567
38.83619399999952
29.78277799999705
1111.2667000000001
935.5138289999995
7.018948000000819
15.385067999999592
15.231532999998308
19.342102000002342
3.5774710000005143
28548.707084
16.899600999997347
72.54695500000162
10.83118900000045
38.82682299999942
30.598806000001787
25.38371200000256
82.38306899999952
3.7039000000004307
3.761296000000584
3.6806049999977404
3.7472490000000107
3.7698549999986426
2.7489219999988563
6.667586999999912
6.719368999998551
6.691079999996873
6.629047000002174
6.551456999997754
11.379744000001665
39.72147600000244
42.31860600000073
21.962032999999792
15.708899999997811
21.32202299999699
6.465919999998732
14.762650000000576
25.655062999998336
7.060645999998087
18.733088000000862
36.844913000000815
16.74032399999851
14.924457999997685
25.70013000000108
25.12874400000146
3.4245149999987916
62.829987999997684
6.369206999999733
603.4695800000009
604.2684179999997
1366.4698769999995
34.52850699999908
308.5145799999991
8694.782283999997
306.65442699999767
604.2047399999974
2.836949000000459
9.774536000000808
274.39274899999873
8.877193000000261
1459.6664149999997
19.08705700000064
1.7652850000013132
124.8255680000002
2.8749819999975443
24.115287000000535
124.74858999999924
2.915429000000586
361.3239360000007
27.978047000000515
12.712686999999278
959.8366480000004
1.573404999999184
1.8914800000020477
3.3057670000016515
9555.260815000001
65.04130799999984
602.9862470000007
323.5868109999974
603.0727860000006
847.2865939999974
425.16052599999966
605.3936250000006
1062.448228000001
605.0839569999989
604.166841000002
5.068853000000672
88.20046599999841
603.0335109999978
180.49397300000055
155.6281420000014
222.1990740000001
602.8527599999979
94.75390200000038
63.64531799999895
608.870178000001
62.9781839999996
602.52549
57.96471200000087
43.566266999998334
13.744527999999264
59.71802100000059
605.4513760000009
11.369177999997191
303.3444820000004
1.674580999999307
1.4376019999981509
2.4519779999973252
3.134689000002254
19.818558000002668
14.072916999997688
261.0540660000006
3.761361000000761
816.1187250000003
1.1745850000006612
15.602151000002777
316.84405900000274
1.672285999997257
308.09723999999915
300.2003240000013
300.13318300000174
10.164356999997835
2792.6959830000014
12.34856199999922
236.4746469999991
7208.927043
1.3712459999987914
1.5829119999980321
3.4267350000009174
85.49788700000136
107.40975199999957
123.45926900000268
104.57292700000107
1.490035999999236
17.72292500000185
3.366422999999486
41.42093500000192
8.828804999997374
11.066894999999931
11.236530000001949
12.93345699999918
7.807941999999457
340.9591880000007
344.58914000000004
4.886187000000064
1.6732200000005832
1.6725619999997434
3.202596999999514
242.85413899999912
5.365625999998883
301.8625119999997
5.756861999998364
8.230436999998346
606.4894889999996
5043.896904000001
605.0508719999998
7.301707999999053
1.3611139999993611
7.3056089999990945
604.0597199999975
605.0609619999996
66.57924699999785
604.956929
84.74909900000057
3.70136199999979
30.042234000000462
604.4095290000005
1.6794589999990421
8.993446000000404
603.1051059999991
603.0709289999977
607.7323969999998
15.669443999999203
601.0422830000025
604.5689910000001
469.73785599999974
113.48579699999755
36.87009699999908
305.4966050000003
65.7911099999983
48.41642700000011
607.9484899999989
10.941111000000092
7.207884999999806
19.18869199999972
54.417311000001064
5.1553489999969315
21.40321799999947
15.45927600000141
4.241524000000936
50.006720999997924
62.74128700000074
604.1991210000015
7.335233000001608
2.877304000001459
2.5272770000010496
0.9777569999969273
1.9926679999989574
2.264456999997492
46.564948000002914
1.3813719999998284
2.2626620000010007
40.94368200000099
1.3734589999985474
2.254265999999916
30.78013699999792
1.376111999998102
2.485758999999234
24.85772200000065
1450.517842000001
15.826764000001276
4.199830999998085
0.8367170000019541
0.4512570000006235
1033.3323329999948
3.656130999999732
4.237584000002244
37.386742999999115
54.83473299999969
3.6774750000004133
3.6109470000010333
3.6448439999985567
15.378164999998262
329.99585600000137
9.102877000001172
3.5573220000005676
1.7695959999982733
5.307546000000002
3.631416000000172
2.5793770000018412
565.447102999995
2.332948999996006
30.136871999995492
3.7888099999981932
604.4496189999991
142.06333799999993
11.254042000000481
8.516863000004378
7.20430099999794
9.53090499999962
155.23985299999913
0.2281619999994291
2070.652903000002
603.7742539999963
11.359483000000182
43.06986699999834
12.478809000000183
1.5675430000046617
604.618908000004
946.171113999997
44.58300099999906
215.62261500000022
1020.8382669999992
137.42717000000266
78.50331500000175
401.23967999999877
353.70732300000236
931.9735020000007
88.82056200000079
417.80591500000446
80.92526799999905
78.18680600000516
78.7070160000003
308.59993199999735
77.90321299999778
623.5331179999994
2.0104950000022654
573.8546980000028
11444.277728000001
77.52433700000256
7.108862000000954
604.8388510000004
77.97475000000122
502.8437800000029
78.07855000000563
10.135159999997995
6.085963000004995
41.75019500000053
77.55640700000367
18.08565500000259
43.0864619999993
332.12854700000025
3.20303199999762
78.43399099999806
360.80419200000324
237.32294900000124
0.766129000003275
78.9811800000025
36.76032500000292
78.17545400000381
4.2998980000047595
3.435179000000062
57.26365700000315
64.081005
142.76598899999954
0.8478510000059032
1.711901000002399
299.7738720000052
0.808826999993471
0.8207140000013169
300.750374999996
134.3853420000014
532.3156309999977
604.3906480000005
94.81916199999978
597.3777320000008
76.60090900000068
12.909234999999171
1.6572569999989355
3.250402000005124
4.000510000005306
2.324482000003627
39.49867700000323
0.97835699999996
1739.7148390000002
46.603573000000324
65.28470899999957
66.67167800000607
87.12399099999311
13.046745999999985
31.042906000002404
603.5869160000002
64.7433730000048
225.26602500000445
64.40253600000142
23.066584000000148
603.2398109999995
229.74756000000343
219.92691999999806
210.1673179999998
32.100749000004726
191.70085700000345
18.997639000001072
4.093972999995458
665.9390330000024
15.995315000000119
8.948509999994712
310.06146000000444
5.035387999996601
15.466314999997849
4.0164999999979045
301.83114999999816
606.9565440000006
5.056328999999096
264.9425310000006
6.67869200000132
607.8414520000006
406.42425899999944
605.9528999999966
20.51297599999816
16.442998999998963
340.1439360000004
3.683177999999316
31.517217000000528
2.070914999996603
3.130073000000266
4.096559999998135
16.004869000003964
15.999487000000954
16.00133900000219
15.991635999998834
16.00021199999901
3.1959659999993164
4.61128699999972
11.140550999996776
13.22647500000312
16.01086999999825
604.1792579999965
65.61580900000263
51.5759440000038
3.6327089999977034
6.724641000000702
5.0097549999991315
5.726752000002307
16.003285999999207
63.962563000000955
1252.7333849999995
16.001235999996425
6.289682000002358
605.041575999996
659.9307100000005
63.35040499999741
907.4858899999963
15.998540000000503
614.9148709999936
2.0050909999990836
3.8075989999997546
3.147491000003356
15.998176000000967
130.24964099999488
604.9251640000002
63.571073000006436
347.9954960000032
2.841587000002619
1039.563549999999
603.4183779999948
16.006407000000763
16.003085999996983
16.00301700000273
16.003106000003754
620.4138949999979
304.35087000000203
49.240538999998535
2.4016869999977644
16.00091799999791
11.684446999999636
425.2332430000024
335.51848400000017
28.110117999996874
66.60491399999592
302.40525300000445
6423.699950000002
16.000676000003295
22.54765100000077
27.93829099999857
2.9805990000022575
11.002902000000176
7.5372800000041025
7.965549000000465
7.788976999996521
7.335946999999578
333.58270600000105
62.5825629999963
11.363704999996116
17.257319000003918
17.25273300000117
17.249278999996022
604.813356000006
3.2165970000060042
603.878306000006
603.1705769999971
4.4534700000003795
15.98758700000326
604.4463840000026
0.3154770000037388
0.8949439999996684
600.2190429999973
16.522484000000986
2.277564000003622
15.997631999998703
16.00574699999561
16.005490999996255
38.90634300000238
4.352874999996857
20680.393432999997
16.00061199999618
612.3726289999977
16.000698000003467
9.415259000001242
604.3521649999966
16.00065999999788
3.1993280000024242
1.128125999995973
604.1176209999976
2.5240950000006706
2.96118099999876
4.00810900000215
2.0796659999978147
138.641337999994
427.1736799999999
63.77086599999893
170.78418899999815
66.65439499999775
4.355837999995856
6.584935000006226
3.4715330000035465
3.1782359999997425
22.001813999995647
17.6389349999954
5.92771399999765
5.270212999996147
11.340290000000095
8.367325999999593
4.344299000003957
7.677866999998514
6.71248000000196
71.7406289999999
33.56854300000123
30.589420999996946
62.623224000002665
25.006431999994675
62.48252099999809
96.98372599999857
79.37644599999476
58.72853600000235
2.8229079999946407
12.041975000000093
16.38874499999656
20.884078999995836
396.4863039999982
604.840989999997
3.7046790000022156
6.862315000005765
7.630240999998932
5.455501999997068
46.67335399999865
6.552143000000797
12.14544400000159
9.680801000002248
24.693351000001712
5.93401100000483
3.959868000005372
19.56364300000132
24.501836999996158
9.626367000004393
15.775504999997793
18.300103999994462
1.8217120000044815
18.72540399999707
40.586984000001394
68.79671699999744
14.218078000005335
262.39100399999734
604.2275410000002
15.482561999997415
5.346110999998928
607.7220240000024
26.890141000003496
397.2324829999998
4.067630999998073
605.0210690000022
2.5207829999999376
0.6228859999973793
10.989879000000656
2.5220899999985704
2.773833999999624
135.68868400000065
62.54456299999583
146.28106999999727
12.900391999995918
6.760115000004589
89.0978299999988
10.62993699999788
6.460553999997501
6.621111999993445
7.510237000002235
7.100059999997029
10.900730000001204
5.962813999998616
6.039277000003494
6.550436999998055
8.900736000003235
6.501372000006086
6.00999800000136
6.530170999998518
92.57094199999847
6.900264000003517
6.689918999996735
7.680851999997685
11.799255999998422
12.360894000004919
101.7405479999943
51.29652999999962
184.9486989999932
1.4891099999949802
17.3513180000009
130.07108000000153
1845.318926
327.7898520000017
51.11664199999359
48.4075079999966
63.15421499999502
393.76059499999974
18.61881700000231
302.11464400000114
102.02042000000074
607.1493409999966
9.590723999994225
605.9705800000011
30.612380000005942
19.54162300000462
844.2301829999997
613.04133
15.200236000004224
307.15023599999404
11.845194000001356
16.601240999996662
1.83028199999535
395.61812700000155
346.7954880000034
11.604383000005328
2.784143999997468
3.616679999999178
464.3390100000033
460.6702349999978
49.359355000000505
108.08917400000064
1.518566999999166
1.1322369999979855
6.889987000002293
4.813371000003826
2.627094000003126
16.96038899999985
156.6359470000025
3.733075000003737
8.951814000000013
2.7809980000020005
989.6018429999967
629.0886360000004
1167.826015999999
50.61696000000666
947.1391070000027
1037.0010550000006
9.545834000004106
13.359656999993604
4.35541799999919
1.1599920000007842
12.430908000002091
3.1991569999954663
502.9934280000016
10.734501999999338
595.8253819999954
2350.1189539999978
19.311385000000882
23.975887999993574
14.078644000001077
5.8284159999966505
8.889741999999387
3.6683960000009392
3.6589310000053956
2.6858770000035292
1.013176000000385
2.1286330000002636
155.99270100000285
603.9636459999965
185.32671099999425
2.0802120000007562
1.495219000003999
1.8059080000020913
1.9009860000005574
3.2791720000022906
167.9407410000058
30.32308600000397
50.87089299999934
130.50814900000114
23.67142700000113
72.35972400000173
353.26574199999595
605.5436279999994
2.4735619999992196
8.459925999995903
604.3625970000066
606.4469420000023
3.492467999996734
5.236774000004516
4.2705149999965215
64.22655400000076
16.63160799999605
7.82435699999769
1.5734879999945406
2.0143150000003516
3.36548600000242
1.5799899999983609
1.901398000001791
3.2789709999997285
171.8828050000011
166.0364929999996
34.33578500000294
3.932767000005697
23.677364000002854
356.00420999999915
15.21618600000511
63.53111599999829
9.74639799999568
24.392460000002757
600.5623189999969
6.8009300000048825
10.112153999994916
1.9504760000054375
1.9086299999980838
0.6250829999989946
0.4246469999998226
475.3478860000032
40.569876000001386
604.7419779999982
328.96394199999486
24.599115999997593
609.2762109999967
14.21502199999668
24.249554000001808
2.0528720000002068
2.0511719999994966
299.95191400000476
3.2564650000058464
28.978248999999778
62.55747600000177
45.89332999999897
148.79861099999835
14.403795999998692
606.7445529999968
63.845099000005575
363.38291899999604
64.812877999997
308.6210349999965
1493.7574529999983
3.321592000000237
78.59216800000286
603.7477530000033
11.820637999997416
603.3725510000004
604.1897349999999
2.4189929999993183
4.605029000005743
35.52127599999949
16101.817250999993
1.7776309999972
299.8825660000002
0.646575999999186
9.143348000005062
2.834053999999014
21.246393000001262
20.992158000000927
299.40660099999513
300.3974589999998
20.46889799999917
299.4598440000045
604.2195890000003
5.434203999997408
16.800977999999304
9.179939000001468
185.80330400000094
3.4387320000023465
105.09122300000308
76.86781500000507
605.2177459999948
7.1149399999994785
4.283509000000777
17.916612000000896
0.8481949999986682
5.282237999999779
6.9629859999986365
0.6558730000033393
4.202840000005381
0.9232149999952526
63.8190820000018
7.148859000000812
0.819073999999091
3.0643879999988712
4.933210000002873
338.52304300000105
25.07032099999924
1.1433130000004894
0.9253960000060033
45.83518699999695
604.4483330000003
605.1485509999984
4.314764000002469
1.2671940000000177
5.237180999996781
135.74829299999692
1.9527979999984382
2.9062530000010156
11.832217000002856
1536.7428660000005
11.38165399999707
1502.0265700000018
12.172294999996666
1489.636043999999
2.316781000001356
17.245522999997775
605.9292810000043
1203.9083449999962
4.834596000000602
6.152948000002652
21.196994999998424
3.821472999996331
63.40625900000305
126.27371300000232
3792.1402919999964
52.8595639999985
604.5156839999981
1015.7267789999969
1.2672979999988456
65.03321499999583
603.3776950000029
105.92070499999681
99.92017599999963
31.758890999997675
265.748431
64.06223500000488
2.4329969999962486
16.42087000000174
62.68074300000444
60.51822700000048
54.394201000002795
604.5903279999984
3.225001999999222
128.6946089999983
3.456006000000343
15.159393000001728
304.08349499999895
365.11906799999997
3.485837000000174
2.47281899999507
3.200575000002573
5.354071000001568
2.948220999998739
3.1645969999954104
7.812943999997515
3.4482459999999264
133.62515200000053
603.6747630000027
128.9118129999988
191.5781330000027
8.940769000000728
2.7918590000044787
67.83380700000271
307.7395069999984
1.6430540000001201
8.870491000001493
609.0813879999987
14.088991999997234
10.672153999999864
314.5438809999978
1.329753999998502
63.58423100000073
4.788267999996606
604.3344159999979
603.7401949999985
157.0044259999995
604.4157999999952
5.836849999999686
63.82636099999945
27.245649999997113
66.79372999999032
603.8799770000041
603.6069870000065
2.5889099999913014
3.871293999996851
605.7318360000063
3.2187539999868022
604.3141239999968
605.5583770000085
604.8916129999998
63.56827400000475
1.609058999994886
2.8185339999909047
15.21942300000228
1.1699490000028163
3.2130059999908553
604.1115900000004
963.4361939999944
28.309278999993694
962.7578659999999
4.073889999999665
962.5438029999932
290.6709520000004
603.3956420000031
0.7672350000066217
114.55526599999575
1.3578720000077737
299.23231599999417
963.8283189999929
12.63722799999232
605.9167739999975
606.8665279999987
41.90881600001012
604.8084050000034
2.8187360000010813
3.291696000000229
302.26998399999866
605.1424729999999
607.6362970000046
610.0688539999974
430.70330799999647
65.42464599999948
50.968485000004875
2.8206419999914942
50.00464800000191
46.36110599999665
3.3454320000018924
1.7834200000070268
10.766181999992114
825.082911999998
50.63660900000832
3.1622219999990193
6.220784000004642
51.190921000001254
8.425113000004785
4124.674069000001
54.039879000003566
213.1312309999921
49.98947400000179
7.536921999999322
51.52852999999595
7.180504999996629
4.106713000001037
8.467740000007325
50.20038000000932
331.7910610000108
50.06156299999566
231.41027599999506
1153.815352000005
0.7409309999929974
618.5767170000036
65.10275900000124
45.52793699999165
1.1792399999976624
6.753391999998712
602.5834199999954
9.070830999989994
2.7539489999908255
3.6858570000040345
4.237704999992275
3.2950720000080764
657.5474510000058
606.3999419999891
546.1559149999957
656.6132010000001
3.8108980000106385
854.0360529999889
333.6609749999916
62.98668400000315
603.5342660000024
319.14687799999956
5.794332999998005
39.05079000000842
1.8498059999983525
73.86707500000193
304.23489300000074
218.10815499999444
64.3263980000047
0.6473339999938617
242.8590899999981
62.62664499999664
1.8497499999939464
300.56041299999924
307.06204800000705
3.2030159999994794
7.930941000013263
7.433405999996467
889.531329999998
602.6390320000064
4.568724000011571
1286.6629479999974
118.37649100000272
15.103712999989511
7.3323530000052415
302.77390000000014
22.229795999999624
3.479220000008354
2.534394999995129
158.2413690000103
1.7916110000078334
694.0056909999985
17.83569599999464
2.808522000006633
63.39208299999882
1701.5366129999893
772.5429680000088
1.8456349999905797
1.7153719999914756
63.659043999999994
36.434777000002214
0.7568259999970905
602.9577730000019
57.38123600000108
44.10428800000227
4.368572999999742
303.7657790000085
312.76832699999795
25.11846100000548
23.410476999997627
1.444258000003174
607.1564490000019
42.19009500001266
9.21834600000875
2.8118369999865536
0.7766990000091027
605.6754190000065
604.5031080000044
609.7643269999971
475.61724200000754
479.2118380000029
64.2185279999976
603.6614730000001
603.0433679999987
602.8336310000013
0.6627860000007786
1504.6927299999952
299.32846099999733
1504.0201780000061
6.246856999990996
4.960195000006934
9.607308999999077
10.863270000001648
9.142034999997122
79.14833500000532
187.58568000000378
3.89246999999159
4.21517500000482
3.5059760000003735
3.424868999994942
8.986642000003485
7.2582299999921815
3.20166700000118
604.805754999994
97.85212100000354
33.91177900000184
1074.7073260000034
397.68928000000597
51.85863699999754
0.5400319999898784
0.5495529999898281
1.0590369999990799
432.87380999999004
4.27923099999316
304.49611999999615
733.933772000004
3.733990000007907
135.85293300000194
14.409755000000587
315.0033939999994
1973.961700999993
26.13070299998799
15.923660000000382
13.736573999995016
111.98485599999549
65.1179099999863
38.169999999998254
76.16699700000754
137.93308499999694
3.7097979999962263
8.633886999989045
301.4495009999955
344.7205019999965
1077.3442850000138
11.074442000011913
604.6130499999999
1.8034559999941848
2.4962570000061532
2.6552039999951376
3.8663529999903403
3.7794750000030035
558.4448420000117
2.1359059999958845
604.5843210000021
25.213444000008167
3.8732730000047013
1.5226580000016838
1.7211999999999534
3.1911570000083884
604.70143500001
63.386633999994956
1.5689799999963725
2.3340339999995194
1.5025619999942137
3.4501389999932144
4.067366000002949
301.0459980000014
14.893628000005265
3.3622509999986505
812.082746
13.957766999999876
10.985125999999582
55.676178999987314
63.20202199999767
13.448210000002291
1.9994020000012824
2.8264780000026803
13.30004899999767
18.184926000001724
100.37576499998977
265.4276019999961
62.308082000003196
13.057172000000719
67.23961999999301
12.9824959999969
903.6970199999923
900.1883729999972
900.148669999995
6.750453000000562
13.747407000002568
6.878144000002067
1.3453020000015385
1.5082279999915045
2.0117040000041015
3.201164999991306
10.90664800000377
12.798781999998027
9.047204999995301
602.7087979999924
2.768131999997422
17.385418999998365
610.5560379999952
13.36901699998998
8.850456999993185
6.144241000001784
12.788795000000391
325.079979999995
2.51285800000187
1.6620790000015404
3.2165970000060042
8.301801000008709
5.171799999996438
1.9454300000070361
13.95777399999497
