8.228913888888889E-4
0.029188358333333334
0.06188472611111111
0.06990320305555556
0.10347827944444445
0.1058036111111111
0.10757316277777779
0.11216349972222221
0.11515860944444443
0.13864853
0.13911478333333333
0.1794785227777778
0.19189551555555556
0.19386168166666667
0.19695834444444443
0.19722707944444443
0.21618851583333332
0.23234234444444446
0.3331470316666667
0.33368640916666664
0.35522951722222224
0.4056737955555556
0.4120581933333333
0.43767396194444447
0.4555724097222222
0.4730006027777778
0.47343809972222217
0.4738594625
0.4978895252777778
0.5041139572222222
0.5101374886111112
0.5207890130555556
0.5272793861111111
0.5276749127777778
0.5285899336111111
0.6061673302777778
0.6194495391666667
0.6505590002777778
0.6663430680555555
0.6706741663888889
0.6743993097222223
0.6824327291666668
0.7250906997222223
0.7331116133333333
0.7356422152777778
0.7390837230555556
0.7523462513888889
0.7546251025
0.7551037341666667
0.7744415716666666
0.783200553888889
0.7896487561111111
0.7910613361111112
0.8411419458333333
0.8494042513888889
0.8498084166666667
0.8517380961111111
0.8517412072222221
0.8517425555555556
0.8601120094444444
0.8618290047222222
0.8637801563888888
0.8749059527777778
0.8873290247222222
0.8926005608333334
0.9104377958333334
0.9192530530555555
0.9249489316666667
0.9263937833333333
0.94487157
0.945635371388889
0.9562293327777778
0.9642183269444444
0.9734426786111111
0.9736726094444444
1.0046716147222223
1.0635279544444445
1.0680397575
1.0806682330555555
1.0975328577777779
1.143597526111111
1.1678753466666667
1.1735243538888889
1.1901061419444443
1.2084503255555556
1.2227427030555555
1.258370265
1.2606988563888888
1.263782585
1.2728122605555556
1.2774046619444446
1.2831642716666667
1.2857136125000002
1.3038131358333334
1.3181203605555556
1.331057906388889
1.3471606863888888
1.3475951991666668
1.3603034927777777
1.3734284905555556
1.3846481294444446
1.3895444433333333
1.390880093888889
1.4065692377777776
1.420082336111111
1.4324981808333335
1.458466288611111
1.4618609527777777
1.4630286180555554
1.47427674
1.4875253630555554
1.490560936388889
1.4938911816666667
1.4947280105555556
1.4973847766666666
1.5000852747222222
1.5019112622222222
1.5040428444444445
1.5063853369444444
1.5108832722222223
1.5137764033333332
1.5202669894444443
1.5325201147222223
1.5381723936111111
1.5535451988888889
1.555629095
1.5563387358333332
1.5577262466666666
1.577312091388889
1.6027492227777778
1.608802495
1.6861901869444444
1.6868691011111112
1.701490515
1.7076681158333333
1.7156605800000002
1.7208715583333332
1.737192936388889
1.7376987094444445
1.75993022
1.7740782841666667
1.7914846
1.8053861686111112
1.815491631388889
1.8227050627777779
1.8265534286111111
1.8416319458333332
1.8558425763888888
1.8693034416666667
1.8798034636111112
1.8829982372222223
1.8965203852777779
1.9103891516666667
1.9255616111111111
1.9309501336111112
1.930950133888889
1.9310921530555556
1.9372222147222222
1.9406829866666666
1.9521917797222221
1.9574213083333332
1.9726828683333333
1.9890819916666667
2.0027772458333333
2.0116506625
2.0175129752777776
2.032883260833333
2.0403838833333334
2.0464307483333335
2.046812006388889
2.0479919169444445
2.0490703333333333
2.068984949166667
2.0696879841666664
2.073441373888889
2.0795816902777777
2.08168849
2.083449890555556
2.08596491
2.095105421111111
2.0963183108333334
2.111206428888889
2.119376317222222
2.1333996491666665
2.1466068716666666
2.1513337980555556
2.1587250208333333
2.1602634666666667
2.1743886472222225
2.189223810277778
2.1945331891666666
2.2028675783333336
2.2046276297222223
2.2066747719444444
2.2109064983333333
2.2145915955555555
2.2158754494444444
2.2175970366666666
2.2222020508333333
2.229237698888889
2.2402051916666665
2.2434140397222224
2.2436584105555553
2.2601402658333334
2.2654822008333335
2.2744100633333333
2.288007551388889
2.2925291769444445
2.3016354949999998
2.3118636280555553
2.3122848891666665
2.3138406783333334
2.320833763611111
2.324787249444445
2.3257931697222225
2.3269974533333335
2.3272061522222223
2.3272518475
2.330123656111111
2.333486743611111
2.3546119905555556
2.365999663333333
2.3684675866666667
2.372144448055556
2.3777474094444444
2.3778761375000004
2.3822872933333334
2.3958161469444446
2.4222711694444445
2.4363296891666666
2.449953045277778
2.4576820655555554
2.4694840569444443
2.48248311
2.4962677941666667
2.5093540872222224
2.5142604947222225
2.5253869024999998
2.525505441388889
2.5257589599999997
2.5436719958333334
2.55288898
2.5548749755555558
2.561924426111111
2.567283333055556
2.568175862222222
2.569368948611111
2.5862284783333336
2.591945101666667
2.599034046388889
2.606472411666666
2.6879412827777776
2.6904411283333336
2.6961054
2.703931006111111
2.7161992558333337
2.721885418611111
2.766191706944445
2.766396423888889
2.7781346883333335
2.8075482725
2.8100181600000003
2.8141928658333333
2.830077425833333
2.859603390277778
2.875168750277778
2.9107126916666664
2.916163334444444
2.9235742508333336
2.9241266713888887
2.9598082688888887
2.987570016388889
2.995405111666667
3.0016224297222225
3.0056107683333333
3.016103521111111
3.0166000544444445
3.017185497222222
3.02467307
3.030930216111111
3.0317093541666664
3.046984086388889
3.048148445277778
3.051096941388889
3.076729980833333
3.1200136633333337
3.1577622022222225
3.1915141269444445
3.210662761944444
3.2168704975
3.2243074088888886
3.2256138036111115
3.263240184722222
3.2642181463888886
3.2682597516666667
3.2741885594444446
3.2786438944444445
3.2866179038888887
3.3040771275000003
3.3049422388888887
3.3079876708333336
3.3091568138888885
3.315053457222222
3.3257008658333334
3.336547398888889
3.372193466388889
3.3829401666666667
3.3846494783333334
3.4024482844444446
3.4220484155555555
3.4803469291666667
3.4862880269444445
3.4867530438888887
3.4917734241666665
3.4919027488888887
3.533507795555556
3.569774918333333
3.590592954722222
3.5937640202777774
3.596673964722222
3.6059193188888887
3.6526185072222224
3.660022152222222
3.6958542441666666
3.702281274166667
3.7090381722222223
3.7115600975
3.7157352147222222
3.7675885836111114
3.805130081111111
3.8160544891666666
3.817018232777778
3.823049323055556
3.828235058611111
3.8857543666666667
3.8872124061111113
3.894445418611111
3.8975153361111112
3.8989780980555557
3.9230018827777777
3.9300892122222226
3.9750295591666664
3.97705803
3.9844376911111112
3.9868361047222223
4.011273658055556
4.046920578333333
4.050201735277778
4.067713883611111
4.067995366666667
4.077949357222222
4.141250846111111
4.163545346388889
4.173519716944444
4.2129054041666665
4.291752222222223
4.294280413055556
4.3035714277777775
4.314112093333333
4.336594321111111
4.377657372777778
4.395425961388889
4.39911628
4.402507445
4.405113368055556
4.409214015277778
4.417745081111111
4.455112104444445
4.4583560475
4.461464423055555
4.462982583055556
4.465094729444444
4.520896615555555
4.522991408888888
4.524717100555556
4.541988281388889
4.5493512477777776
4.550674511944445
4.558949004166666
4.567086797222222
4.575158679166666
4.678565129722222
4.702341334722222
4.702846513888889
4.744576481388888
4.749733334444444
4.758440098055556
4.7647800025
4.8334034725
4.8484488019444445
4.871931779166667
4.8919163319444445
4.891917322777778
4.891918156666666
4.893208702777778
4.893252790277778
4.893676198611112
4.893677032222222
4.893895559444444
4.893896470277777
4.894229666666667
4.894868238888889
4.894869105833334
4.897848908333333
4.8978499175
4.897850751388889
4.897883873055556
4.89844658
4.898448524166667
4.898450293611111
4.898509135833334
4.9445617252777785
4.9530544616666665
4.973098725555555
4.979508187222222
4.987057348055555
4.990638943333334
5.0003674899999995
5.016903251388889
5.048961573333334
5.0495544755555555
5.107679288333333
5.136765888055556
5.137718620555556
5.169191744722222
5.172380419722223
5.197608485277778
5.203022611388889
5.203489365
5.206842338888889
5.247414499166667
5.254357206111111
5.273817219722222
5.3093798038888895
5.327594581111111
5.370557150277778
5.383695435
5.385452721111111
5.433307953611111
5.4464253225000006
5.4480140511111115
5.448901270277777
5.450219078055556
5.453007961388889
5.463482076388889
5.464929053611111
5.4735622325
5.474289742222222
5.475014556666666
5.479300689166666
5.496229058888889
5.516101658055556
5.516700680555555
5.5189513575
5.553211006666667
5.577394229722222
5.597441181111111
5.598299443055555
5.622039373611112
5.641882800833334
5.699583344444444
5.7515849488888895
5.752741712777778
5.7552505994444445
5.760399566388889
5.774774695833333
5.778894925277778
5.779814191388889
5.785933759722222
5.796230918333333
5.819220404444445
5.824058421666666
5.873338427222222
5.90690474
5.908296197777777
5.933897218333334
5.994786128888888
5.995308803055555
6.011865301111111
6.0121899191666675
6.015945175555556
6.016464200000001
6.018621961111111
6.019318760555556
6.0273910625
6.040891681944444
6.044295244444444
6.050590783333334
6.051152529722223
6.0517170602777774
6.052277304722222
6.066682171944445
6.121307345555556
6.1674082030555555
6.1703749708333335
6.185185188055556
6.235043013333333
6.356006371111111
6.362203090555555
6.3640091030555554
6.3657027572222225
6.366383401388888
6.371118749722222
6.372980274166666
6.3924096375
6.395471265833333
6.404972866388889
6.4107957550000005
6.416222218611111
6.434466852777778
6.435323770555555
6.43538724
6.4382438875
6.454041855277778
6.456185996388888
6.458092006944445
6.482039167777779
6.496177715833333
6.5184129819444445
6.606968350000001
6.634144670555556
6.646448429722223
6.6469186958333335
6.647419292222222
6.648502340555555
6.663148996944445
6.664369972499999
6.666810198055556
6.667520623611111
6.668067133888889
6.678834615833334
6.687032819166666
6.687032819722222
6.687180387222223
6.687833438055556
6.690594904722222
6.694840540277777
6.700209596944445
6.701221672222222
6.7053022775
6.716363503611111
6.7243118936111115
6.7328240875
6.734151131388889
6.734152253333333
6.734160432777777
6.734161797222222
6.734162649166667
6.734163545
6.734164516666667
6.734165114444444
6.734567016944444
6.735462118611111
6.735467052500001
6.735472031944445
6.73547994861111
6.735486443055556
6.735606292222222
6.738408436666666
6.738409417222223
6.738410266944444
6.738432706944445
6.7384333100000005
6.739045676388889
6.740947046666667
6.741074141944445
6.7430710961111116
6.743075515555555
6.744383370555556
6.744788612777778
6.745309443888889
6.749375283333333
6.7497263938888885
6.750561396944445
6.792835679444445
6.810509634722223
6.813681996944444
6.820631741111112
6.8239564825
6.824332027777778
6.8346377
6.842458995
6.8707219075
6.873328030277778
6.8855608480555555
6.927031850555556
6.929470071944444
6.931549067777778
6.98227553
6.984778866666667
7.011952573055556
7.037639082777778
7.048643171666667
7.050000555
7.083252352500001
7.103535610833333
7.1047428961111105
7.107080549999999
7.110440380833333
7.121338096944444
7.1530079375
7.153416407222222
7.153946398055555
7.160550796944444
7.187820521944444
7.191101483888889
7.214447538333334
7.215505689722222
7.237566582777778
7.241030051666667
7.248677393333333
7.2498914899999995
7.252808864444445
7.274468717777777
7.289370148333333
7.301324113055555
7.302280515277778
7.303645268611111
7.303938332777777
7.304402205555555
7.324436911111111
7.399946388333333
7.414937289722222
7.4275257791666665
7.440631337222222
7.4628248725
7.507517405
7.511479214444445
7.519801718333333
7.5302353575000005
7.539769104166666
7.5423452016666666
7.547388545555555
7.5767014433333335
7.5849204072222225
7.585329817222222
7.586863384444444
7.592782179722222
7.599169363611112
7.603321687499999
7.603665960833333
7.603855119444445
7.692549499166667
7.713940146944444
7.718335738333333
7.719597967222223
7.720737268055555
7.7229598388888885
7.722969421388889
7.729723664444444
7.736048994166667
7.73906451
7.740581970833333
7.743602458333334
7.749230058333334
7.749617104444445
7.750787365833333
7.757680551666667
7.759695700277778
7.772024905555555
7.777326766944444
7.782656136388889
7.783317475555555
7.788403078333333
7.820034261666667
7.843508386944444
7.844344898888889
7.844346704444445
7.844348495555556
7.845649056111111
7.845998376944444
7.870733200555556
7.918940864722222
7.918967260277777
7.924972214166666
7.933596635833333
7.942926043611111
7.944840891666667
7.969575763611111
7.978102740555555
8.064862409722222
8.076766847222222
8.08388284111111
8.090732298333334
8.109264345
8.223540242777778
8.2239240175
8.253384375555555
8.27739112388889
8.288846672222222
8.294627011944446
8.302492551944445
8.310631364166667
8.318874378055556
8.35644850361111
8.375914876944444
8.376391960555555
8.402298290555555
8.402298712222223
8.458718090833333
8.458718336666667
8.490392901944444
8.502973926666668
8.508209371111112
8.511838682222223
8.523683223888888
8.534384257222223
8.5514426175
8.552105483055556
8.56566360611111
8.576908402222221
8.578638607222222
8.613119566666667
8.618755491666667
8.632757552500001
8.642550933333332
8.690004882222222
8.696642540555555
8.705287005833334
8.72151412388889
8.740843475277778
8.744432124722222
8.749531739166667
8.789583753611112
8.800882793888889
8.816502780555556
8.81702555
8.817621678888889
8.818236710833334
8.818588636944444
8.819184218055556
8.821093965
8.821443652777777
8.822036949166668
8.822645715833334
8.822996031666667
8.823653561111112
8.828346258333333
8.91489354888889
8.930578111666668
8.930578667777777
8.93082994
8.959843748333334
8.971128235555556
8.973599465
8.986790389444446
8.991779378611112
9.040291216666667
9.043026084444445
9.05123937111111
9.05376428111111
9.054658710833333
9.08091481
9.081586701388888
9.081590198611112
9.081594109722223
9.085101596666666
9.098669772222221
9.100657577222222
9.126317805000001
9.133919983611111
9.134638078611111
9.137239595833334
9.148014856388889
9.148729863611111
9.155070303055556
9.209599948333333
9.211601167777777
9.214671500833333
9.269894237499999
9.269958750277777
9.349471023888889
9.364916451944444
9.3652693125
9.372831635277779
9.393381008333332
9.394900328333334
9.459361286666667
9.459963128055556
9.516401995833334
9.53126066361111
9.538065729166666
9.541377480833333
9.542052285
9.54232750611111
9.557276168888889
9.562799219999999
9.56578957611111
9.565977009444444
9.59123767
9.615750420833333
9.627797839444446
9.640396088055555
9.642981973333333
9.655040675555556
9.655423765277778
9.663873374166668
9.664820208333333
9.671155231111111
9.677266071111111
9.689140216388887
9.70056812611111
9.713580320277776
9.713853932777777
9.7166698825
9.723517065000001
9.738179647777777
9.743046861666667
9.74714131638889
9.74806102722222
9.7501366925
9.762548545555557
9.77343661611111
9.774395942777778
9.776544337777777
9.787130652222222
9.790477824722222
9.811847147222222
9.81363459
9.81523246361111
9.824412412777777
9.873172956666666
9.968763640277777
10.02290477222222
10.023141661944445
10.023376232777776
10.0242153975
10.024441614166667
10.024671704444446
10.068250395555555
10.085545659444445
10.093919606111111
10.112601543888887
10.133756363611111
10.164711224444444
10.168486639166666
10.183925985277778
10.222594289444444
10.22349814861111
10.224614136666666
10.24214193361111
10.242823572499999
10.24309569611111
10.250127037222223
10.257131350555555
10.263850325555556
10.267984973611112
10.291487585277777
10.305685788611111
10.308573816666668
10.400930113055555
10.439363200277777
10.457543676944445
10.459682271666667
10.461708417222223
10.468812226666667
10.471541419722222
10.4742525275
10.476873875833332
10.479382229722223
10.485563409722221
10.527717594722223
10.528987221666666
10.54284954138889
10.621784524444445
10.645996035555555
10.692791689444444
10.700334865555556
10.708028493333334
10.714221574722222
10.720608065277778
10.72634996861111
10.741744151944443
10.764876006388889
10.788998057499999
10.798315115277779
10.807977300277779
10.888788520833334
10.96840928138889
10.968802245833334
10.975045753055555
10.98363435361111
10.985754720277779
10.994072006666668
11.022111984722223
11.031242087499999
11.031710621944443
11.031711389444444
11.069102078055556
11.092507116388889
11.166095213333334
11.169200265833332
11.184647913333334
11.221332935555555
11.224090289722222
11.23694526861111
11.241545722777778
11.242955405833333
11.244586869166667
11.247686078055557
11.248202858611112
11.248554411666666
11.303332617222223
11.318979191666667
11.368775952777778
11.388495950000001
11.428911764444443
11.441542819444445
11.44545671638889
11.468520123055557
11.484746993611111
11.546117110555555
11.577504731111112
11.602265839166666
11.60826670888889
11.611460475277777
11.621410833888888
11.65886211527778
11.7260443825
11.738988455833333
11.744593045277778
11.749536586388889
11.758164698055557
11.77850158
11.779241539722223
11.789504814722223
11.789504856111112
11.789505342777776
11.809377802777778
11.819449072222223
11.825186288333335
11.83935351861111
11.848962484444446
11.892046708611112
11.892598886944445
11.8943030075
11.934776111111113
11.966163075555556
11.980507422777777
11.980759650833333
11.981773123611111
12.015092219166666
12.0204092275
12.026490510277776
12.06397795472222
12.0653453275
12.0675343325
12.069835535833334
12.072095529722223
12.079303388055555
12.097140355555556
12.100459611388889
12.10733648861111
12.1073365775
12.107337130277779
12.10853575361111
12.12042136222222
12.122399239444443
12.133111361111112
12.139795502777776
12.16697145138889
12.176674306944443
12.209398078888889
12.216687563333334
12.216801908055556
12.221021068888888
12.232547616388889
12.265515389444445
12.265515389722223
12.265515437222222
12.274873526666665
12.276615289722223
12.277699437777779
12.301359595000001
12.323249304444445
12.324106904722221
12.413106042222221
12.428107688055556
12.458488120555556
12.499911540277777
12.51391203638889
12.60459881638889
12.614092458333333
12.614737994166667
12.61553842611111
12.618373960277777
12.618895638055557
12.62344248861111
12.625046881944444
12.666214271666668
12.69640691388889
12.713712902222223
12.714901759444444
12.7168091475
12.71784658722222
12.718740587777779
12.724862694722223
12.72981170861111
12.731431976944444
12.73290793527778
12.736129375
12.738471606944444
12.739659136944445
12.741855931111111
12.743768865555555
12.750602480833333
12.751325023055557
12.75425165138889
12.757512414722223
12.760083934444445
12.761326829722222
12.761326914722222
12.761327466666666
12.761330909444446
12.763513069166667
12.763792966944445
12.764890635
12.765302421666666
12.768341733611111
12.76846499611111
12.769126103333333
12.769506043333333
12.771708959722222
12.772207691944445
12.772437932222221
12.773323278055555
12.775657968055556
12.776415481111112
12.776583774722221
12.776687798055555
12.777876146944445
12.779635174722223
12.782749243888889
12.783283095555555
12.783408511666668
12.784347356944444
12.788509738055556
12.789200552777778
12.793756050277779
12.803449737222222
12.804964675833334
12.810428081666666
12.812961545555556
12.817325842222223
12.8577744375
12.907603049722223
12.91965734138889
12.920493997222222
12.92178807222222
12.922738583333333
12.923384379722222
12.927507453888888
12.93478646638889
12.935430963611111
12.936178504999999
12.940175345277778
12.942249858055556
12.94500482638889
12.948590895277777
12.949121620833333
12.950471548888888
12.953429613333332
12.955226855277779
12.957068626666667
12.95916033888889
12.961135362222223
12.962723525555555
12.964168753333333
12.965849518055556
12.967671305833333
12.97014637861111
12.971954680277777
12.973629796666666
12.973954490833334
12.975446484999999
12.977365931666668
12.97928254638889
12.981418991666667
12.987927058888888
12.991371560000001
12.994445998611111
12.999764845833335
13.01958091138889
13.01968543361111
13.019891088333333
13.019963229444445
13.024513451388888
13.042501823611111
13.05584629138889
13.075321385833334
13.07769769
13.126363671666667
13.13572089
13.136610172222223
13.138288462777778
13.139368316111112
13.151803810555554
13.238849716944443
13.252566534722222
13.254244141111112
13.294424903055555
13.34402981861111
13.346572514166667
13.361403973611111
13.429324821666667
13.451723109166666
13.4675627875
13.491685113888888
13.493238621388889
13.495334690277778
13.592736989722223
13.60731377361111
13.611839820555556
13.614886331944444
13.654177110555556
13.68902566861111
13.690317466111111
13.693879838055555
13.69766528611111
13.70759703861111
13.714979170833333
13.727004692222222
13.727488481944444
13.744388981111111
13.74936309611111
13.764599399722222
13.766987659444444
13.768036153055556
13.771320122222221
13.774694711944445
13.797483510555555
13.829125251388888
13.83959036888889
13.845537718333334
13.846688179166668
13.846941233055556
13.898660146111112
13.901577273888888
13.929184414444444
13.977208338333334
13.984026028055556
14.010553640555557
14.015923210277778
14.022591334722222
14.035859789722224
14.0379274375
14.069719240277777
14.081167293333332
14.093494753333333
14.10854987138889
14.154445223888889
14.173188563055556
14.179852717777777
14.181942369722224
14.2167242875
14.217869208611111
14.226352959444444
14.22682515638889
14.227357791388888
14.239907561944444
14.269859791388889
14.279040346944445
14.281878265833333
14.286622159166667
14.293165543611112
14.293261024722224
14.34881214722222
14.357060355555555
14.362659750833334
14.522557949444444
14.526961071111112
14.529254493611111
14.532233354166666
14.547322128055557
14.552452633055555
14.565499532777778
14.60844278861111
14.613718283333334
14.614126763888889
14.614681606388888
14.63098107777778
14.631392349166665
14.631897599722222
14.6371900725
14.658219357777778
14.668323487777778
14.684932338333333
14.6849979075
14.691650643055556
14.708009392777777
14.724291729722223
14.756285996111112
14.785809183888889
14.786067714166666
14.877429890555554
14.877430212222222
14.877430248333333
14.877834459166667
14.878824223055556
14.879253988055556
14.879649130277778
14.885262279166666
14.88746817388889
14.89582332888889
14.9014787225
14.90415740861111
14.92955966861111
14.931056317222222
15.004757933055554
15.005329591944445
15.00590457222222
15.035414066944444
15.071406600277777
15.075785509722222
15.077251991666667
15.129392150833333
15.161735551944446
15.164033455555556
15.200684143333332
15.286434017777777
15.359821601388889
15.455443945833334
15.466590167500001
15.4826283275
15.503115506944445
15.510179915
15.515260699444445
15.527186969722223
15.532946561666668
15.566941701944444
15.571294313888888
15.59606793138889
15.605916020277778
15.623441171388889
15.623936791944445
15.677846575555554
15.744344484166666
15.749120411666667
15.766805756666667
15.769487346388889
15.772707333333335
15.775318252777778
15.788573633055556
15.794262412499998
15.796625270277778
15.820209305833334
15.82168242388889
15.852380798888888
15.868451445277778
15.882981138055555
15.95642854111111
15.98205846
15.986561756666667
15.993537386111111
16.00640162111111
16.013117761666667
16.062168607222223
16.076933703888887
16.077724051944443
16.0858774875
16.09200642361111
16.1073159375
16.168567598055553
16.2696075275
16.276538111388888
16.28186992722222
16.297601543611112
16.298433802777776
16.298436640277778
16.30885673027778
16.322681644444444
16.32634662638889
16.33892740222222
16.390010429444445
16.44846983388889
16.494114439166665
16.515234675000002
16.516643484722223
16.522545010277778
16.52314013222222
16.55196326722222
16.555212311111113
16.561727765277777
16.564861539166667
16.56494544027778
16.568299893333332
16.569703668611112
16.57872865888889
16.580241906944444
16.58974302861111
16.601949559444446
16.603224966944442
16.60491491638889
16.61102671888889
16.664180533055553
16.679981653888888
16.701750046111112
16.716468809722222
16.78168938888889
16.80836040166667
16.82603512972222
16.82924939138889
16.869046396666665
16.889960998611112
16.891530293055556
16.898683063333333
16.916094641388888
16.97563390611111
16.98480465777778
17.049133938333334
17.125257054722223
17.1254578025
17.127558577777776
17.143810406944446
17.17340673138889
17.255462888333334
17.399165694444445
17.47272525416667
17.47503104861111
17.491776391666665
17.492797811666666
17.493771989722223
17.494512944166665
17.512136717222223
17.520418900555555
17.539508140833334
17.561924486944445
17.57749471027778
17.65774839138889
17.665848229166667
17.669017135833336
17.669433446944446
17.744551957777777
17.749536090833335
17.8129633525
17.81496714861111
17.85510836611111
17.855573075
17.867455235277777
17.91866738722222
17.922412178888887
17.924916140555556
17.964152949722223
17.97835301916667
18.077039067222223
18.0989375275
18.106742941944447
18.14483984111111
18.16297160527778
18.198508754722223
18.285961119444444
18.44790412916667
18.44944095527778
18.462827157777777
18.47034216138889
18.498475137777778
18.51597287611111
18.52431588861111
18.52903967555556
18.542228505555556
18.600279731111108
18.6206215575
18.62981289777778
18.63241823611111
18.655979119722222
18.673127538888888
18.75197225638889
18.766999748055557
18.782551519722222
18.822491954444445
18.828862520277777
18.834323055833334
18.839085365
18.84489586
18.847120592222225
18.862034716944443
18.864188543055555
18.961738670000003
18.97449878388889
18.974877200555557
18.977051564444444
18.9800787175
19.000631223055553
19.044707835
19.04481994722222
19.13903486888889
19.189732070277778
19.190624378055556
19.209316531388886
19.28925130472222
19.31476357861111
19.3173345525
19.373650284722224
19.389820903888886
19.398385622499998
19.406890411944445
19.40748878222222
19.412545484722223
19.42588078388889
19.427020509166667
19.42760798638889
19.434164370277777
19.43642278333333
19.446069063611112
19.4490394125
19.450490891666668
19.45105420333333
19.462426674166668
19.468510639722222
19.483343686666668
19.501934753333334
19.502940581944447
19.515829355555557
19.515988296944442
19.517927791666665
19.519113935555556
19.523649233333334
19.535021492499997
19.537605129722223
19.557662304444445
19.565914520277776
19.58234597027778
19.608082552777777
19.619340219166666
19.632499036944445
19.63284535
19.70186279888889
19.702146833333334
19.735610402222225
19.744648899444446
19.749189793055557
19.82604821083333
19.826141539444446
19.826191706666666
19.82919329472222
19.829196401666668
19.82921547361111
19.829220935
19.856341337777778
19.86099103277778
19.929930408611114
19.967863832777777
20.049678266944447
20.09938984388889
20.16885962027778
20.24958050472222
20.251507116944445
20.251844918611113
20.254823155555556
20.269659546666666
20.271608344166665
20.303132394444447
20.31006329222222
20.37611329888889
20.377698770555558
20.378217191111112
20.38771406277778
20.399034454166664
20.402144826388888
20.45143678861111
20.45513364416667
20.502566804444445
20.58248607333333
20.621006620555555
20.653590872777777
20.68284650888889
20.754101506666665
20.75473349472222
20.83940168
20.893145205277776
20.98962753611111
21.032578975277776
21.034006322499998
21.03441257861111
21.03563329111111
21.040512677777777
21.056275621666664
21.065542134722225
21.103082574444443
21.16815186527778
21.26882435611111
21.298257078611112
21.326052125
21.388402373333335
21.45637273777778
21.457139475277778
21.46079928083333
21.46449243861111
21.482050434999998
21.48367763555556
21.518075400277777
21.561274780277778
21.623455873055555
21.67561986888889
21.735855608888887
21.744254130277778
21.749419584722226
21.776543768055554
21.790550253888888
21.820872881666666
21.846557472222223
21.855645729166664
21.85611556861111
21.856563908611115
21.859332505555557
21.92721906527778
21.95008161361111
21.997267526111113
22.000547085277777
22.059868339166666
22.092959890555555
22.108268981111113
22.110087792777776
22.110449104722225
22.11156434638889
22.123621160833334
22.156879395
22.194901309166667
22.214894625833335
22.221042580555554
22.22224707388889
22.223256124722223
22.23378791
22.251214133333335
22.253493010555555
22.31331918138889
22.375265625555556
22.392914030277776
22.49283906722222
22.51016845111111
22.52220733972222
22.537597203611114
22.53759738305556
22.547598050555553
22.54782468861111
22.54821306166667
22.555244398611112
22.56221608111111
22.57963375027778
22.583770755555555
22.634725616388888
22.636059724166667
22.66794760888889
22.67346246055556
22.68401020138889
22.68782858333333
22.68889569861111
22.69242988638889
22.699191946388886
22.719900380555554
22.740942185277778
22.75045117138889
22.766087116111112
22.779141261944442
22.817515652222223
22.86196543583333
22.877183601666665
22.878959152777778
22.943069542222222
22.94748844833333
22.9481693425
22.94940670388889
22.953243274166667
22.953705344166664
22.95475975027778
22.9683092575
23.06250009277778
23.108171675277777
23.212066038055557
23.212467735833336
23.2132007025
23.254385361666667
23.314457779166666
23.337708718333335
23.338148785833333
23.338801307222223
23.345603959166667
23.346190146666668
23.346569602777777
23.35308993361111
23.35896958833333
23.359903402500002
23.383814310277774
23.387645278333334
23.39207463388889
23.412227713055557
23.443641853055556
23.49122680722222
23.497976898055555
23.498819930833335
23.50247607
23.507357406944447
23.538401379444444
23.539534612777775
23.551298335555558
23.553806755555556
23.557599686944446
23.592606830555557
23.592617807499998
23.592619127777777
23.59470931861111
23.601417140277775
23.60192281361111
23.61130848638889
23.61360070361111
23.613951491388892
23.61436072111111
23.63429155916667
23.63828943472222
23.669766715277778
23.744281104444447
23.74767393888889
23.74892375611111
23.7789698525
23.78455364638889
23.7852748275
23.836240291944446
23.851027823888888
23.86168868027778
23.892803933333333
23.894460963333334
23.906058594999998
23.963430548055555
23.966664935833332
23.968937525833333
23.973072610000003
23.982186618055554
23.991487957222223
